Label: -5.0.1=41.1=1.9=2u1u1.2u
k = [1,9]

    pp               a_pp           a_pp mod 7
-------------------------------------------------
     4.1	              80*$.1 - 48	  [1, 3]
     5.1	           -400*$.1 + 975	 [2, -1]
     9.1	                        0	  [0, 0]
    11.2	                        0	  [0, 0]
    11.1	         9040*$.1 - 19033	  [0, 3]
    19.2	                        0	  [0, 0]
    19.1	        49360*$.1 + 97367	 [-3, 3]
    29.2	                        0	  [0, 0]
    29.1	      26640*$.1 - 1264513	 [2, -2]
    31.1	                        0	  [0, 0]
    31.2	                        0	  [0, 0]
    41.1	                  2825761	  [1, 0]
    41.2	                        0	  [0, 0]
    49.1	                        0	  [0, 0]
    59.2	   8197520*$.1 - 18956793	 [-2, 2]
    59.1	   -396800*$.1 - 11232478	  [2, 2]
    61.2	                        0	  [0, 0]
    61.1	                        0	  [0, 0]
    71.2	                        0	  [0, 0]
    71.1	 -32906240*$.1 + 15128087	 [2, -3]
    79.2	   9428000*$.1 - 72058713	  [1, 1]
    79.1	                        0	  [0, 0]
    89.1	                        0	  [0, 0]
    89.2	 -16905920*$.1 - 94827313	 [0, -3]
   101.1	  75131600*$.1 + 27383727	 [0, -2]
   101.2	                        0	  [0, 0]
   109.2	                        0	  [0, 0]
   109.1	 67014400*$.1 + 125943842	 [3, -2]
   131.1	 83962880*$.1 + 446775522	 [-3, 1]
   131.2	436397040*$.1 - 137741833	  [2, 2]
   139.1	-253763600*$.1 + 167551607	 [-1, 1]
   139.2	 260779520*$.1 + 92144802	  [1, 1]
   149.1	-258499760*$.1 + 606300287	[-2, -1]
   149.2	                        0	  [0, 0]
   151.2	                        0	  [0, 0]
   151.1	-410598400*$.1 + 245726082	 [0, -2]
   169.1	                        0	  [0, 0]
   179.1	                        0	  [0, 0]
   179.2	-1306903040*$.1 + 785512802	[-3, -2]
   181.2	1531615600*$.1 - 439670353	[-3, -3]
   181.1	                        0	  [0, 0]
   191.1	-119010240*$.1 - 109532713	 [-3, 1]
   191.2	                        0	  [0, 0]
   199.2	                        0	  [0, 0]
   199.1	1162608800*$.1 - 361040553	  [1, 3]

===============================================================

Label: -5.0.1=41.1=1.7=2u1u1.2u
k = [1,7]

     4.1	               64*$.1 + 8	  [1, 1]
     5.1	             -80*$.1 - 10	[-3, -3]
     9.1	                        0	  [0, 0]
    11.2	                        0	  [0, 0]
    11.1	         -2260*$.1 + 1098	 [-1, 1]
    19.2	                        0	  [0, 0]
    19.1	         1556*$.1 - 10458	  [0, 2]
    29.2	                        0	  [0, 0]
    29.1	         29808*$.1 - 3094	  [0, 2]
    31.1	                        0	  [0, 0]
    31.2	                        0	  [0, 0]
    41.1	                   -68921	  [1, 0]
    41.2	                        0	  [0, 0]
    49.1	                        0	  [0, 0]
    59.2	      -77228*$.1 + 212534	  [0, 3]
    59.1	     -185140*$.1 + 296010	  [1, 3]
    61.2	                        0	  [0, 0]
    61.1	                        0	  [0, 0]
    71.2	                        0	  [0, 0]
    71.1	      341540*$.1 - 380178	 [-1, 3]
    79.2	     -114020*$.1 - 777790	  [1, 3]
    79.1	                        0	  [0, 0]
    89.1	                        0	  [0, 0]
    89.2	     259712*$.1 - 1231326	 [2, -2]
   101.1	      211600*$.1 + 786698	 [3, -3]
   101.2	                        0	  [0, 0]
   109.2	                        0	  [0, 0]
   109.1	    -445168*$.1 + 1831734	 [2, -3]
   131.1	    -958220*$.1 + 2045798	 [-1, 3]
   131.2	       37260*$.1 + 829082	 [2, -1]
   139.1	   -1946260*$.1 + 2378250	 [0, -1]
   139.2	     306676*$.1 - 4903498	 [2, -1]
   149.1	      66896*$.1 + 3274182	 [2, -3]
   149.2	                        0	  [0, 0]
   151.2	                        0	  [0, 0]
   151.1	    5283100*$.1 - 1685422	 [3, -3]
   169.1	                        0	  [0, 0]
   179.1	                        0	  [0, 0]
   179.2	   -610732*$.1 - 10377594	[-3, -3]
   181.2	   -6511600*$.1 + 7729002	  [1, 3]
   181.1	                        0	  [0, 0]
   191.1	    7667460*$.1 - 8189602	 [-1, 3]
   191.2	                        0	  [0, 0]
   199.2	                        0	  [0, 0]
   199.1	  -2072132*$.1 + 14349266	  [1, 1]

======================================================================

Label: -5.0.1=41.1=1.5=2u1u1.2u
k = [1,5]

     4.1	              -20*$.1 + 8	  [1, 1]
     5.1	              40*$.1 - 25	 [3, -2]
     9.1	                        0	  [0, 0]
    11.2	                        0	  [0, 0]
    11.1	             -40*$.1 - 93	 [-2, 2]
    19.2	                        0	  [0, 0]
    19.1	            -40*$.1 - 597	 [-2, 2]
    29.2	                        0	  [0, 0]
    29.1	           -360*$.1 + 143	 [3, -3]
    31.1	                        0	  [0, 0]
    31.2	                        0	  [0, 0]
    41.1	                     1681	  [1, 0]
    41.2	                        0	  [0, 0]
    49.1	                        0	  [0, 0]
    59.2	          1720*$.1 + 1523	[-3, -2]
    59.1	          3200*$.1 - 1662	 [-3, 1]
    61.2	                        0	  [0, 0]
    61.1	                        0	  [0, 0]
    71.2	                        0	  [0, 0]
    71.1	         -2560*$.1 + 7707	  [0, 2]
    79.2	         -2000*$.1 - 1357	  [1, 2]
    79.1	                        0	  [0, 0]
    89.1	                        0	  [0, 0]
    89.2	          3680*$.1 - 4137	 [0, -2]
   101.1	        -14600*$.1 + 4727	  [2, 2]
   101.2	                        0	  [0, 0]
   109.2	                        0	  [0, 0]
   109.1	        -1600*$.1 - 20142	 [-3, 3]
   131.1	        -1280*$.1 - 32158	  [0, 1]
   131.2	         -21240*$.1 + 347	[-3, -2]
   139.1	        -4600*$.1 + 29883	 [0, -1]
   139.2	         27520*$.1 - 9022	  [1, 3]
   149.1	        34040*$.1 - 20817	 [1, -1]
   149.2	                        0	  [0, 0]
   151.2	                        0	  [0, 0]
   151.1	         6400*$.1 - 35278	  [2, 2]
   169.1	                        0	  [0, 0]
   179.1	                        0	  [0, 0]
   179.2	       -39040*$.1 + 36258	[-2, -1]
   181.2	       -16600*$.1 - 37833	 [2, -3]
   181.1	                        0	  [0, 0]
   191.1	        44640*$.1 - 23653	  [0, 1]
   191.2	                        0	  [0, 0]
   199.2	                        0	  [0, 0]
   199.1	        50800*$.1 - 13957	  [1, 1]
